35426
49786
69487
192383
206061
338921
390588
434176
583201
730147
982069
1013325
1015626
1038520
1220036
1335393
1448591
1511403
1544010
1566208
1766314
1952288
1954049
1973535
2071667
2101787
2172052
2251894
2364311
2403395
2523871
2873832
2881347
2950694
3366642
3495491
3576052
3632649
4004319
4123245
4149589
4166151
4302642
4638238
4654788
4719519
4773571
4776184
4890232
4952233
4964721
4995751
5179999
5237335
5257452
5592721
5612800
5742880
5903271
5903514
5924925
5998368
6023391
6149921
6161707
6190081
6224232
6237749
6323669
6329741
6330174
6428988
6460846
6535727
6589359
6710058
6745792
6798560
6867647
7067180
7208609
7217049
7295647
7295824
7418656
7446246
7779418
7959542
8006900
8077301
8168297
8187942
8194337
8196515
8402481
8482514
8544587
8562991
8589633
8629806
8652621
8731141
8825363
8847593
9018713
9034412
9265862
9277253
9600796
9615461
9630697
9683019
9698946
9717495
9799709
10072122
10265230
10557210
10578358
11168061
11185583
11261361
11352195
11486906
11535770
11536914
11567134
11574281
11670878
11865460
11964506
12092603
12104732
12302869
12357589
12373100
12403545
12447857
12530391
12724608
13017164
13104403
13282147
13433241
13595818
13751128
13762590
13833020
13851567
13970320
14092142
14270911
14285900
14302206
14330853
14338380
14355827
14407809
14647052
14675862
14786638
14865603
14884893
14930917
14959211
15094201
15243125
15248160
15539616
15612631
15640802
15664360
15714377
15924569
16020565
16351638
16530109
16537194
16561980
16643591
16649743
16659231
16665841
